222222222222200000000000000000000000000000000000000000000000000000000000000000000000000000000000000000000000000000000000000000000000000000000000000000000000000000000000000000000000000000000000
222222222222200000000000000000000000000000000000000000000000000000000000000000000000000000000000000000000000000000000000000000000000000000000000000000000000000000000000000000000000000000000000
222222222222200000000000000000000000000000000000000000000000000000000000000000000000000000000000000000000000000000000000000000000000000000000000000000000000000000000000000000000000000000000000
222222222222200000000000000000000000000000000000000000000000000000000000000000000000000000000000000000000000000000000000000000000000000000000000000000000000000000000000000000000000000000000000
222222222222200000000000000000000000000000000000000000000000000000000000000000000000000000000000000000000000000000000000000000000000000000000000000000000000000000000000000000000000000000000000
222222222222200000000000000000000000000000000000000000000000000000000000000000000000000000000000000000000000000000000000000000000000000000000000000000000000000000000000000000000000000000000000
222222222222200000000000000000000000000000000000000000000000000000000000000000000000000000000000000000000000000000000000000000000000000000000000000000000000000000000000000000000000000000000000
222222222222200000000000000000000000000000000000000000000000000000000000000000000000000000000000000000000000000000000000000000000000000000000000000000000000000000000000000000000000000000000000
222222222222200000000000000000000000000000000000000000000000000000000000000000000000000000000000000000000000000000000000000000000000000000000000000000000000000000000000000000000000000000000000
222222222222200000000000000000000000000000000000000000000000000000000000000000000000000000000000000000000000000000000000000000000000000000000000000000000000000000000000000000000000000000000000
222222222222200000000000000000000000000000000000000000000000000000000000000000000000000000000000000000000000000000000000000000000000000000000000000000000000000000000000000000000000000000000000
222222222222200000000000000000000000000000000000000000000000000000000000000000000000000000000000000000000000000000000000000000000000000000000000000000000000000000000000000000000000000000000000
222222222222200000000000000000000000000000000000000000000000000000000000000000000000000000000000000000000000000000000000000000000000000000000000000000000000000000000000000000000000000000000000
222222222222200000000000000000000000000000000000000000000000000000000000000000000000000000000000000000000000000000000000000000000000000000000000000000000000000000000000000000000000000000000000
222222222222200000000000000000000000000000000000000000000000000000000000000000000000000000000000000000000000000000000000000000000000000000000000000000000000000000000000000000000000000000000000
222222222222200000000000000000000000000000000000000000000000000000000000000000000000000000000000000000000000000000000000000000000000000000000000000000000000000000000000000000000000000000000000
222222222222200000000000000000000000000000000000000000000000000000000000000000000000000000000000000000000000000000000000000000000000000000000000000000000000000000000000000000000000000000000000
222222222222200000000000000000000000000000000000000000000000000000000000000000000000000000000000000000000000000000000000000000000000000000000000000000000000000000000000000000000000000000000000
222222222222000000000000000000000000000000000000000000000000000000000000000000000000000000000000000000000000000000000000000T00000000000000000000000000000000000000000000000
22222222222200000000000000000000000000000000R00R00R00000000000000000000000000000000000000001111111110000000111111111111111111111100000000000000000000000000000000000000000
22222222222200000000000000000000000000000H000000000000111111000000000000000000000000000000000000000000000001111111111111111111111111111111111111100000000000000000
2222222222220000011111000B00B00B0001111111111111111111111111111111111100000000000000000000000000000000000002222222000000000000000000000000000000
2222222222222111111111111111111111122222222222222222222222221111111111111111111111111110000000000R0000000002222222000000
222222222222222222222222222222222222222222222222222222222222111111111111111111111111111111111111111111111111111111
222222222222222222222222222222222222222222222222222222222222
222222222222222222222222222222222222222222222222222222222222
222222222222222222222222222222222222222222222222222222222222
222222222222222222222222222222222222222222222222222222222222
222222222222222222222222222222222222222222222222222222222222
222222222222222222222222222222222222222222222222222222222222
222222222222222222222222222222222222222222222222222222222222
222222222222222222222222222222222222222222222222222222222222
222222222222222222222222222222222222222222222222222222222222
222222222222222222222222222222222222222222222222222222222222
222222222222222222222222222222222222222222222222222222222222
222222222222222222222222222222222222222222222222222222222222
222222222222222222222222222222222222222222222222222222222222